$MeshFormat
2.2 0 8
$EndMeshFormat
$PhysicalNames
3
2 1 "buibottom"
2 2 "building"
3 3 "internal"
$EndPhysicalNames
$Nodes
336
1 -5 -4.5 0.5
2 -5 -4.5 -0.5
3 -5 -3.5 0.5
4 -5 -3.5 -0.5
5 -4 -4.5 0.5
6 -4 -4.5 -0.5
7 -4 -3.5 0.5
8 -4 -3.5 -0.5
9 -5 -4.5 -0.3333333333333338
10 -5 -4.5 -0.1666666666666676
11 -5 -4.5 -1.443289932012704e-15
12 -5 -4.5 0.1666666666666646
13 -5 -4.5 0.3333333333333321
14 -5 -4.333333333333334 0.5
15 -5 -4.166666666666668 0.5
16 -5 -4.000000000000002 0.5
17 -5 -3.833333333333335 0.5
18 -5 -3.666666666666668 0.5
19 -5 -3.5 -0.3333333333333338
20 -5 -3.5 -0.1666666666666676
21 -5 -3.5 -1.443289932012704e-15
22 -5 -3.5 0.1666666666666646
23 -5 -3.5 0.3333333333333321
24 -5 -4.333333333333334 -0.5
25 -5 -4.166666666666668 -0.5
26 -5 -4.000000000000002 -0.5
27 -5 -3.833333333333335 -0.5
28 -5 -3.666666666666668 -0.5
29 -4 -4.5 -0.3333333333333338
30 -4 -4.5 -0.1666666666666676
31 -4 -4.5 -1.443289932012704e-15
32 -4 -4.5 0.1666666666666646
33 -4 -4.5 0.3333333333333321
34 -4 -4.333333333333334 0.5
35 -4 -4.166666666666668 0.5
36 -4 -4.000000000000002 0.5
37 -4 -3.833333333333335 0.5
38 -4 -3.666666666666668 0.5
39 -4 -3.5 -0.3333333333333338
40 -4 -3.5 -0.1666666666666676
41 -4 -3.5 -1.443289932012704e-15
42 -4 -3.5 0.1666666666666646
43 -4 -3.5 0.3333333333333321
44 -4 -4.333333333333334 -0.5
45 -4 -4.166666666666668 -0.5
46 -4 -4.000000000000002 -0.5
47 -4 -3.833333333333335 -0.5
48 -4 -3.666666666666668 -0.5
49 -4.833333333333334 -4.5 -0.5
50 -4.666666666666668 -4.5 -0.5
51 -4.500000000000002 -4.5 -0.5
52 -4.333333333333336 -4.5 -0.5
53 -4.166666666666668 -4.5 -0.5
54 -4.833333333333334 -4.5 0.5
55 -4.666666666666668 -4.5 0.5
56 -4.500000000000002 -4.5 0.5
57 -4.333333333333336 -4.5 0.5
58 -4.166666666666668 -4.5 0.5
59 -4.833333333333334 -3.5 -0.5
60 -4.666666666666668 -3.5 -0.5
61 -4.500000000000002 -3.5 -0.5
62 -4.333333333333336 -3.5 -0.5
63 -4.166666666666668 -3.5 -0.5
64 -4.833333333333334 -3.5 0.5
65 -4.666666666666668 -3.5 0.5
66 -4.500000000000002 -3.5 0.5
67 -4.333333333333336 -3.5 0.5
68 -4.166666666666668 -3.5 0.5
69 -5 -3.918028836268798 0.3564488816890652
70 -5 -3.918489043165947 -0.3491573523912472
71 -5 -4.350617312507429 0.09778760911776274
72 -5 -3.650169136479043 0.09914977871989206
73 -5 -4.237625774715244 -0.3486919098564353
74 -5 -4.249293771786522 0.3588713258240284
75 -5 -3.638837978797344 -0.2522937250022407
76 -5 -4.083442656898109 0.3563283230539117
77 -5 -4.000245248861153 0.2115669219614863
78 -5 -3.809518117733137 0.1992534972400689
79 -5 -3.916666666666669 0.06698729810778214
80 -5 -4.078539816319175 0.06423650344600762
81 -5 -3.999201080497642 -0.07486582090724547
82 -5 -4.160237263126013 -0.07865160845363683
83 -5 -3.833333333333336 -0.07735026918962373
84 -5 -4.08012000206664 -0.2277666806860119
85 -5 -3.642748848636611 0.2522337180911816
86 -5 -3.668311141391603 -0.07888408893679139
87 -5 -4.1919305117211 0.197265448481608
88 -5 -4.330846088308314 -0.07794525883285519
89 -5 -3.751418989623495 0.3631955158313784
90 -5 -4.361279503806943 0.2514643658600696
91 -5 -3.747116895517558 -0.3630506580186297
92 -5 -4.360722559974553 -0.2444372855360363
93 -5 -4.0805802973229 -0.3851231885867389
94 -5 -3.921594929849789 -0.1868816674347727
95 -5 -4.233910337638153 -0.1954985486729951
96 -5 -3.787947220342597 -0.217936293495551
97 -5 -3.779006350946111 0.05024047358083783
98 -5 -4.222434198396407 0.04053853875177715
99 -5 -3.622008467928147 0.3779915320718531
100 -5 -3.622008467928146 -0.3779915320718544
101 -5 -4.377991532071854 -0.3779915320718542
102 -5 -4.377991532071855 0.3779915320718542
103 -4 -3.918028836268798 0.3564488816890652
104 -4 -3.918489043165948 -0.3491573523912472
105 -4 -4.350617312507429 0.09778760911776274
106 -4 -3.650169136479043 0.09914977871989206
107 -4 -4.364369739701691 -0.2541201705266418
108 -4 -4.249293771786522 0.3588713258240284
109 -4 -3.638837978797344 -0.2522937250022407
110 -4 -4.083442656898109 0.3563283230539117
111 -4 -4.000245248861153 0.2115669219614863
112 -4 -3.809518117733137 0.1992534972400689
113 -4 -3.916666666666669 0.06698729810778214
114 -4 -4.078539816319175 0.06423650344600762
115 -4 -3.999201080497642 -0.07486582090724547
116 -4 -3.833333333333336 -0.07735026918962373
117 -4 -4.16005728860631 -0.07854770011623879
118 -4 -4.05956676571442 -0.2164104925202255
119 -4 -3.642748848636611 0.2522337180911816
120 -4 -3.668311141391603 -0.07888408893679139
121 -4 -4.1919305117211 0.197265448481608
122 -4 -4.331235915657221 -0.07959752022965971
123 -4 -3.751418989623495 0.3631955158313784
124 -4 -4.361279503806943 0.2514643658600696
125 -4 -3.747116895517558 -0.3630506580186297
126 -4 -4.258192769223402 -0.3686927328593508
127 -4 -4.094007539498441 -0.3648349903933032
128 -4 -3.917484282579346 -0.1846104298016154
129 -4 -4.216809805786847 -0.2166709561008694
130 -4 -3.787262112464189 -0.2175577538900247
131 -4 -3.779006350946111 0.05024047358083783
132 -4 -4.222476168962247 0.0402288681398959
133 -4 -3.622008467928147 0.3779915320718531
134 -4 -3.622008467928146 -0.3779915320718544
135 -4 -4.377991532071855 0.3779915320718542
136 -4 -4.378840122574157 -0.3788401225741576
137 -4.402212390882237 -4.5 0.3506173125074283
138 -4.402212390882237 -4.5 -0.350617312507429
139 -4.849157352391248 -4.5 0.08151095683405241
140 -4.144337567297406 -4.5 0.08333333333333159
141 -4.754120170526642 -4.5 -0.3643697397016906
142 -4.141128674175972 -4.5 -0.2492937717865214
143 -4.75229372500224 -4.5 0.3611620212026557
144 -4.141128674175971 -4.5 0.2492937717865187
145 -4.302471287553512 -4.5 0.1925646466622742
146 -4.290974493421262 -4.5 0.004316329999266788
147 -4.433012701892218 -4.5 0.08333333333333193
148 -4.43618706578445 -4.5 -0.07777955317577145
149 -4.574936415778989 -4.5 0.0009256300262592276
150 -4.577350269189624 -4.5 0.166666666666665
151 -4.578630060799939 -4.5 -0.159909459661759
152 -4.716428701514921 -4.5 -0.05953408244436614
153 -4.144185978248242 -4.5 -0.08249624029787661
154 -4.303231592363444 -4.5 -0.1910350462062348
155 -4.579609286041617 -4.5 -0.3312147972365703
156 -4.579078684594238 -4.5 0.3318012084636082
157 -4.248504293191731 -4.5 0.3613549960618433
158 -4.248594805669104 -4.5 -0.3611729007694585
159 -4.86305065801863 -4.5 0.2528831044824419
160 -4.868692732859351 -4.5 -0.2581927692234012
161 -4.684628190574903 -4.5 0.08254759617944574
162 -4.864836538777206 -4.5 -0.09400476030881066
163 -4.716680640103783 -4.5 -0.216792423999017
164 -4.717593146628481 -4.5 0.2127619256381446
165 -4.449759526419163 -4.5 0.2209936490538894
166 -4.459974079174337 -4.5 -0.2221112337575529
167 -4.122008467928147 -4.5 0.3779915320718527
168 -4.877991532071855 -4.5 0.3779915320718542
169 -4.122008467928146 -4.5 -0.3779915320718545
170 -4.878840122574157 -4.5 -0.3788401225741576
171 -4.402212390882237 -3.5 0.3506173125074283
172 -4.402212390882237 -3.5 -0.350617312507429
173 -4.849157352391248 -3.5 0.08151095683405241
174 -4.144337567297406 -3.5 0.08333333333333159
175 -4.754120170526642 -3.5 -0.3643697397016906
176 -4.141128674175972 -3.5 -0.2492937717865214
177 -4.75229372500224 -3.5 0.3611620212026557
178 -4.141128674175971 -3.5 0.2492937717865187
179 -4.302471287553512 -3.5 0.1925646466622742
180 -4.290974493421262 -3.5 0.004316329999266788
181 -4.433012701892218 -3.5 0.08333333333333193
182 -4.43618706578445 -3.5 -0.07777955317577145
183 -4.574936415778989 -3.5 0.0009256300262592276
184 -4.577350269189624 -3.5 0.166666666666665
185 -4.578630060799939 -3.5 -0.159909459661759
186 -4.716428701514921 -3.5 -0.05953408244436614
187 -4.144185978248242 -3.5 -0.08249624029787661
188 -4.303231592363444 -3.5 -0.1910350462062348
189 -4.579609286041617 -3.5 -0.3312147972365703
190 -4.579078684594238 -3.5 0.3318012084636082
191 -4.248504293191731 -3.5 0.3613549960618433
192 -4.248594805669104 -3.5 -0.3611729007694585
193 -4.86305065801863 -3.5 0.2528831044824419
194 -4.868692732859351 -3.5 -0.2581927692234012
195 -4.684628190574903 -3.5 0.08254759617944574
196 -4.864836538777206 -3.5 -0.09400476030881066
197 -4.716680640103783 -3.5 -0.216792423999017
198 -4.717593146628481 -3.5 0.2127619256381446
199 -4.449759526419163 -3.5 0.2209936490538894
200 -4.459974079174337 -3.5 -0.2221112337575529
201 -4.122008467928147 -3.5 0.3779915320718527
202 -4.877991532071855 -3.5 0.3779915320718542
203 -4.122008467928146 -3.5 -0.3779915320718545
204 -4.878840122574157 -3.5 -0.3788401225741576
205 -4.41820033316943 -3.648090503453018 -0.5
206 -4.422568153739507 -4.341299366184462 -0.5
207 -4.856448881689065 -3.918028836268798 -0.5
208 -4.144337567297406 -3.916666666666668 -0.5
209 -4.859383949264138 -4.243554144234198 -0.5
210 -4.151308090143566 -4.237625774715244 -0.5
211 -4.7346957301571 -3.650949541240133 -0.5
212 -4.85641376029393 -4.082486052306056 -0.5
213 -4.711581161501489 -4.000085814762476 -0.5
214 -4.716180249364107 -3.832317312758476 -0.5
215 -4.567839244783652 -3.916511632364605 -0.5
216 -4.567172005236477 -4.083321796743403 -0.5
217 -4.425765420503811 -3.99997223818467 -0.5
218 -4.425025807873768 -3.829107252779471 -0.5
219 -4.425717567346583 -4.16360333354922 -0.5
220 -4.278312163512971 -4.083333333333336 -0.5
221 -4.57024013174438 -4.246096499938464 -0.5
222 -4.572148120730961 -3.748645445171668 -0.5
223 -4.276148042057619 -3.768268746571908 -0.5
224 -4.712685978907601 -4.164812940219655 -0.5
225 -4.72909070361733 -4.345829945659696 -0.5
226 -4.251071466316766 -4.362562457584811 -0.5
227 -4.863122749663517 -3.755109452436455 -0.5
228 -4.309917800249115 -3.91946964750721 -0.5
229 -4.114791564190789 -4.080858488276384 -0.5
230 -4.12516723033298 -3.750000000000002 -0.5
231 -4.305795488211879 -4.237684853073414 -0.5
232 -4.578342170144832 -3.609537097972964 -0.5
233 -4.580465883241621 -4.38748239050208 -0.5
234 -4.240058724646996 -3.631199332057812 -0.5
235 -4.877991532071854 -4.377991532071854 -0.5
236 -4.122008467928146 -4.377991532071855 -0.5
237 -4.877991532071855 -3.622008467928146 -0.5
238 -4.120836742321942 -3.620836742321942 -0.5
239 -4.41820033316943 -3.648090503453018 0.5
240 -4.422568153739507 -4.341299366184462 0.5
241 -4.856448881689065 -3.918028836268798 0.5
242 -4.144337567297406 -3.916666666666668 0.5
243 -4.859383949264138 -4.243554144234198 0.5
244 -4.151308090143566 -4.237625774715244 0.5
245 -4.7346957301571 -3.650949541240133 0.5
246 -4.85641376029393 -4.082486052306056 0.5
247 -4.711581161501489 -4.000085814762476 0.5
248 -4.716180249364107 -3.832317312758476 0.5
249 -4.567839244783652 -3.916511632364605 0.5
250 -4.567172005236477 -4.083321796743403 0.5
251 -4.425765420503811 -3.99997223818467 0.5
252 -4.425025807873768 -3.829107252779471 0.5
253 -4.425717567346583 -4.16360333354922 0.5
254 -4.278312163512971 -4.083333333333336 0.5
255 -4.57024013174438 -4.246096499938464 0.5
256 -4.572148120730961 -3.748645445171668 0.5
257 -4.276148042057619 -3.768268746571908 0.5
258 -4.712685978907601 -4.164812940219655 0.5
259 -4.72909070361733 -4.345829945659696 0.5
260 -4.251071466316766 -4.362562457584811 0.5
261 -4.863122749663517 -3.755109452436455 0.5
262 -4.309917800249115 -3.91946964750721 0.5
263 -4.114791564190789 -4.080858488276384 0.5
264 -4.12516723033298 -3.750000000000002 0.5
265 -4.305795488211879 -4.237684853073414 0.5
266 -4.578342170144832 -3.609537097972964 0.5
267 -4.580465883241621 -4.38748239050208 0.5
268 -4.240058724646996 -3.631199332057812 0.5
269 -4.877991532071854 -4.377991532071854 0.5
270 -4.122008467928146 -4.377991532071855 0.5
271 -4.877991532071855 -3.622008467928146 0.5
272 -4.120836742321942 -3.620836742321942 0.5
273 -4.499888974122401 -3.999861318981548 1.387778780781446e-17
274 -4.30555747829525 -3.85076951079479 -0.1947456236530316
275 -4.685114619346034 -4.184382143398051 -0.1827866592892533
276 -4.311540844140427 -4.167167339946746 -0.1915394060534015
277 -4.317920298253775 -4.182186843908985 0.1868718440023208
278 -4.645446683527264 -4.19588172085184 0.1958753472566338
279 -4.645281183721838 -3.80415183054401 0.1963788734206304
280 -4.696795909356936 -3.851910435540954 -0.1900978380435729
281 -4.299429197962248 -3.876133662594939 0.1964953635531473
282 -4.48166297825593 -3.741566592969613 0.003704161576504264
283 -4.482571213321503 -4.258156767194418 0.002103034181029695
284 -4.758340529733985 -3.996805661043603 0.01867751442423066
285 -4.507415488312804 -4.013872099519957 -0.2566069893311996
286 -4.238164388586291 -4.024778563795478 0.002722822423855006
287 -4.521175121098372 -3.999731392846748 0.2748239705151229
288 -4.502437570072744 -3.732828961521232 -0.2694672593454833
289 -4.758076620800998 -4.000061018321784 0.2675932794490118
290 -4.772025855593352 -4.281973661997585 0.01493763606567268
291 -4.768792261589557 -3.727104882191804 0.003698530257006644
292 -4.495844834984281 -4.277627618495615 -0.2815142303042446
293 -4.235550914443407 -3.736595084045712 0.008050410712189917
294 -4.222962422988921 -4.276501006754358 -0.00482819418447022
295 -4.793763426703268 -4.024120567881176 -0.2938594809916049
296 -4.447838100324915 -3.7222044086065 0.2834247027678871
297 -4.474523071922889 -4.293998835906643 0.2921954059812964
298 -4.205854809202243 -3.704223515282639 0.2947476028556226
299 -4.79973495935563 -4.299678360325297 0.30211652012478
300 -4.80091264986685 -3.702669499721267 0.3022443934906577
301 -4.799670068943621 -3.698633196957353 -0.2986168561654756
302 -4.19599563437545 -4.303496632654878 -0.3041922675722184
303 -4.19516062478667 -4.304907234310985 0.3049946323604002
304 -4.199063188467768 -3.6992560965652 -0.3015340074653275
305 -4.806813666769948 -4.304980566112294 -0.3034203993151971
306 -4.197471824559094 -4.02131128682447 -0.3070227199850558
307 -4.195584125743449 -4.038946461554137 0.2856128714364292
308 -4.620336850823902 -3.686379620209384 -0.1214999351627755
309 -4.631792028272876 -4.138480684868281 -0.004780056547267971
310 -4.629068317056035 -3.860749446764966 -0.0125275682348268
311 -4.485924432380321 -3.869074405217864 -0.1363469476774581
312 -4.822336502936811 -4.138222630793519 0.1369617119454804
313 -4.356406720661649 -3.880139037525259 -0.002079885733730428
314 -4.481821568577471 -3.873280488296508 0.1367594697334693
315 -4.360571088321065 -4.333265343971942 -0.1191631964629019
316 -4.822368331045081 -3.857227620749193 0.1373403142113991
317 -4.626329841011131 -4.334346270542559 -0.0889180072254814
318 -4.834010329551912 -4.089227323340507 -0.1241382087414757
319 -4.374247377038355 -3.671365320733858 -0.1397347085377663
320 -4.485865717058521 -4.127577391875507 0.1327136660966834
321 -4.362189256001697 -3.667364051443098 0.126696171210076
322 -4.509587929845996 -4.157689975994574 -0.1463173811033313
323 -4.609589015682942 -3.660687697327676 0.09731521672159855
324 -4.60934060577415 -4.339386212615468 0.09699841699340055
325 -4.372155011758466 -4.00930380899318 -0.127590429146489
326 -4.354979601880932 -4.337910534771006 0.102559627063344
327 -4.639459311123168 -4.104956770649649 -0.3371386688683495
328 -4.84278482421118 -3.90745860841189 -0.1079460914252747
329 -4.62900851284834 -4.004844639841632 -0.1247370872804753
330 -4.620366645018446 -3.680092046961796 0.3344678439561928
331 -4.160435412971111 -3.906564305810135 -0.1065373064899977
332 -4.160045742028994 -4.149606680821702 0.1064760832624781
333 -4.655800209451744 -3.930625005669754 -0.34880977128339
334 -4.39231617109819 -3.90593641165335 -0.3414796649714062
335 -4.620645857031207 -4.012768882593152 0.1288893907517931
336 -4.355271079357126 -3.97781062283851 0.3373531891526841
$EndNodes
$Elements
1637
1 2 2 2 1 13 1 102
2 2 2 2 1 1 14 102
3 2 2 2 1 2 9 101
4 2 2 2 1 24 2 101
5 2 2 2 1 18 3 99
6 2 2 2 1 3 23 99
7 2 2 2 1 19 4 100
8 2 2 2 1 4 28 100
9 2 2 2 1 9 10 92
10 2 2 2 1 9 92 101
11 2 2 2 1 10 11 88
12 2 2 2 1 10 88 92
13 2 2 2 1 11 12 71
14 2 2 2 1 11 71 88
15 2 2 2 1 12 13 90
16 2 2 2 1 71 12 90
17 2 2 2 1 90 13 102
18 2 2 2 1 14 15 74
19 2 2 2 1 14 74 102
20 2 2 2 1 15 16 76
21 2 2 2 1 74 15 76
22 2 2 2 1 16 17 69
23 2 2 2 1 16 69 76
24 2 2 2 1 17 18 89
25 2 2 2 1 69 17 89
26 2 2 2 1 89 18 99
27 2 2 2 1 20 19 75
28 2 2 2 1 75 19 100
29 2 2 2 1 21 20 86
30 2 2 2 1 20 75 86
31 2 2 2 1 22 21 72
32 2 2 2 1 72 21 86
33 2 2 2 1 23 22 85
34 2 2 2 1 22 72 85
35 2 2 2 1 23 85 99
36 2 2 2 1 25 24 73
37 2 2 2 1 73 24 101
38 2 2 2 1 26 25 93
39 2 2 2 1 25 73 93
40 2 2 2 1 27 26 70
41 2 2 2 1 70 26 93
42 2 2 2 1 28 27 91
43 2 2 2 1 27 70 91
44 2 2 2 1 28 91 100
45 2 2 2 1 76 69 77
46 2 2 2 1 77 69 78
47 2 2 2 1 78 69 89
48 2 2 2 1 84 70 93
49 2 2 2 1 70 84 94
50 2 2 2 1 91 70 96
51 2 2 2 1 70 94 96
52 2 2 2 1 87 71 90
53 2 2 2 1 71 87 98
54 2 2 2 1 88 71 98
55 2 2 2 1 72 78 85
56 2 2 2 1 78 72 97
57 2 2 2 1 72 86 97
58 2 2 2 1 73 84 93
59 2 2 2 1 84 73 95
60 2 2 2 1 73 92 95
61 2 2 2 1 92 73 101
62 2 2 2 1 74 76 87
63 2 2 2 1 74 87 90
64 2 2 2 1 74 90 102
65 2 2 2 1 86 75 96
66 2 2 2 1 75 91 96
67 2 2 2 1 91 75 100
68 2 2 2 1 76 77 87
69 2 2 2 1 77 78 79
70 2 2 2 1 77 79 80
71 2 2 2 1 77 80 87
72 2 2 2 1 79 78 97
73 2 2 2 1 85 78 89
74 2 2 2 1 80 79 81
75 2 2 2 1 81 79 83
76 2 2 2 1 83 79 97
77 2 2 2 1 80 81 82
78 2 2 2 1 80 82 98
79 2 2 2 1 87 80 98
80 2 2 2 1 82 81 84
81 2 2 2 1 81 83 94
82 2 2 2 1 84 81 94
83 2 2 2 1 82 84 95
84 2 2 2 1 88 82 95
85 2 2 2 1 82 88 98
86 2 2 2 1 83 86 96
87 2 2 2 1 86 83 97
88 2 2 2 1 94 83 96
89 2 2 2 1 85 89 99
90 2 2 2 1 92 88 95
91 2 2 2 2 33 135 5
92 2 2 2 2 5 135 34
93 2 2 2 2 6 136 29
94 2 2 2 2 44 136 6
95 2 2 2 2 38 133 7
96 2 2 2 2 7 133 43
97 2 2 2 2 39 134 8
98 2 2 2 2 8 134 48
99 2 2 2 2 29 107 30
100 2 2 2 2 29 136 107
101 2 2 2 2 30 122 31
102 2 2 2 2 107 122 30
103 2 2 2 2 31 105 32
104 2 2 2 2 31 122 105
105 2 2 2 2 32 124 33
106 2 2 2 2 105 124 32
107 2 2 2 2 124 135 33
108 2 2 2 2 34 108 35
109 2 2 2 2 34 135 108
110 2 2 2 2 35 110 36
111 2 2 2 2 108 110 35
112 2 2 2 2 36 103 37
113 2 2 2 2 36 110 103
114 2 2 2 2 37 123 38
115 2 2 2 2 103 123 37
116 2 2 2 2 123 133 38
117 2 2 2 2 40 109 39
118 2 2 2 2 109 134 39
119 2 2 2 2 41 120 40
120 2 2 2 2 40 120 109
121 2 2 2 2 42 106 41
122 2 2 2 2 106 120 41
123 2 2 2 2 43 119 42
124 2 2 2 2 42 119 106
125 2 2 2 2 43 133 119
126 2 2 2 2 45 126 44
127 2 2 2 2 126 136 44
128 2 2 2 2 46 127 45
129 2 2 2 2 45 127 126
130 2 2 2 2 47 104 46
131 2 2 2 2 104 127 46
132 2 2 2 2 48 125 47
133 2 2 2 2 47 125 104
134 2 2 2 2 48 134 125
135 2 2 2 2 110 111 103
136 2 2 2 2 111 112 103
137 2 2 2 2 112 123 103
138 2 2 2 2 118 127 104
139 2 2 2 2 104 128 118
140 2 2 2 2 125 130 104
141 2 2 2 2 104 130 128
142 2 2 2 2 121 124 105
143 2 2 2 2 105 132 121
144 2 2 2 2 122 132 105
145 2 2 2 2 106 119 112
146 2 2 2 2 112 131 106
147 2 2 2 2 106 131 120
148 2 2 2 2 107 129 122
149 2 2 2 2 126 129 107
150 2 2 2 2 107 136 126
151 2 2 2 2 108 121 110
152 2 2 2 2 108 124 121
153 2 2 2 2 108 135 124
154 2 2 2 2 120 130 109
155 2 2 2 2 109 130 125
156 2 2 2 2 125 134 109
157 2 2 2 2 110 121 111
158 2 2 2 2 111 113 112
159 2 2 2 2 111 114 113
160 2 2 2 2 111 121 114
161 2 2 2 2 113 131 112
162 2 2 2 2 119 123 112
163 2 2 2 2 114 115 113
164 2 2 2 2 115 116 113
165 2 2 2 2 116 131 113
166 2 2 2 2 114 117 115
167 2 2 2 2 114 132 117
168 2 2 2 2 121 132 114
169 2 2 2 2 115 128 116
170 2 2 2 2 117 118 115
171 2 2 2 2 118 128 115
172 2 2 2 2 116 130 120
173 2 2 2 2 120 131 116
174 2 2 2 2 128 130 116
175 2 2 2 2 117 129 118
176 2 2 2 2 122 129 117
177 2 2 2 2 117 132 122
178 2 2 2 2 118 129 127
179 2 2 2 2 119 133 123
180 2 2 2 2 127 129 126
181 2 2 1 3 1 13 168
182 2 2 1 3 54 1 168
183 2 2 1 3 9 2 170
184 2 2 1 3 2 49 170
185 2 2 1 3 33 5 167
186 2 2 1 3 5 58 167
187 2 2 1 3 6 29 169
188 2 2 1 3 53 6 169
189 2 2 1 3 10 9 160
190 2 2 1 3 160 9 170
191 2 2 1 3 11 10 162
192 2 2 1 3 10 160 162
193 2 2 1 3 12 11 139
194 2 2 1 3 139 11 162
195 2 2 1 3 13 12 159
196 2 2 1 3 12 139 159
197 2 2 1 3 13 159 168
198 2 2 1 3 29 30 142
199 2 2 1 3 29 142 169
200 2 2 1 3 30 31 153
201 2 2 1 3 142 30 153
202 2 2 1 3 31 32 140
203 2 2 1 3 31 140 153
204 2 2 1 3 32 33 144
205 2 2 1 3 140 32 144
206 2 2 1 3 144 33 167
207 2 2 1 3 49 50 141
208 2 2 1 3 49 141 170
209 2 2 1 3 50 51 155
210 2 2 1 3 141 50 155
211 2 2 1 3 51 52 138
212 2 2 1 3 51 138 155
213 2 2 1 3 52 53 158
214 2 2 1 3 138 52 158
215 2 2 1 3 158 53 169
216 2 2 1 3 55 54 143
217 2 2 1 3 143 54 168
218 2 2 1 3 56 55 156
219 2 2 1 3 55 143 156
220 2 2 1 3 57 56 137
221 2 2 1 3 137 56 156
222 2 2 1 3 58 57 157
223 2 2 1 3 57 137 157
224 2 2 1 3 58 157 167
225 2 2 1 3 137 145 157
226 2 2 1 3 145 137 165
227 2 2 1 3 137 156 165
228 2 2 1 3 154 138 158
229 2 2 1 3 138 154 166
230 2 2 1 3 155 138 166
231 2 2 1 3 139 152 161
232 2 2 1 3 152 139 162
233 2 2 1 3 159 139 164
234 2 2 1 3 139 161 164
235 2 2 1 3 140 144 145
236 2 2 1 3 140 145 146
237 2 2 1 3 140 146 153
238 2 2 1 3 141 155 163
239 2 2 1 3 160 141 163
240 2 2 1 3 141 160 170
241 2 2 1 3 142 153 154
242 2 2 1 3 142 154 158
243 2 2 1 3 142 158 169
244 2 2 1 3 156 143 164
245 2 2 1 3 143 159 164
246 2 2 1 3 159 143 168
247 2 2 1 3 145 144 157
248 2 2 1 3 157 144 167
249 2 2 1 3 146 145 147
250 2 2 1 3 147 145 165
251 2 2 1 3 146 147 148
252 2 2 1 3 146 148 154
253 2 2 1 3 153 146 154
254 2 2 1 3 148 147 149
255 2 2 1 3 149 147 150
256 2 2 1 3 150 147 165
257 2 2 1 3 148 149 151
258 2 2 1 3 148 151 166
259 2 2 1 3 154 148 166
260 2 2 1 3 149 150 161
261 2 2 1 3 151 149 152
262 2 2 1 3 152 149 161
263 2 2 1 3 150 156 164
264 2 2 1 3 156 150 165
265 2 2 1 3 161 150 164
266 2 2 1 3 151 152 163
267 2 2 1 3 155 151 163
268 2 2 1 3 151 155 166
269 2 2 1 3 152 162 163
270 2 2 1 3 162 160 163
271 2 2 2 4 3 202 23
272 2 2 2 4 64 202 3
273 2 2 2 4 19 204 4
274 2 2 2 4 4 204 59
275 2 2 2 4 43 201 7
276 2 2 2 4 7 201 68
277 2 2 2 4 8 203 39
278 2 2 2 4 63 203 8
279 2 2 2 4 20 194 19
280 2 2 2 4 194 204 19
281 2 2 2 4 21 196 20
282 2 2 2 4 20 196 194
283 2 2 2 4 22 173 21
284 2 2 2 4 173 196 21
285 2 2 2 4 23 193 22
286 2 2 2 4 22 193 173
287 2 2 2 4 23 202 193
288 2 2 2 4 39 176 40
289 2 2 2 4 39 203 176
290 2 2 2 4 40 187 41
291 2 2 2 4 176 187 40
292 2 2 2 4 41 174 42
293 2 2 2 4 41 187 174
294 2 2 2 4 42 178 43
295 2 2 2 4 174 178 42
296 2 2 2 4 178 201 43
297 2 2 2 4 59 175 60
298 2 2 2 4 59 204 175
299 2 2 2 4 60 189 61
300 2 2 2 4 175 189 60
301 2 2 2 4 61 172 62
302 2 2 2 4 61 189 172
303 2 2 2 4 62 192 63
304 2 2 2 4 172 192 62
305 2 2 2 4 192 203 63
306 2 2 2 4 65 177 64
307 2 2 2 4 177 202 64
308 2 2 2 4 66 190 65
309 2 2 2 4 65 190 177
310 2 2 2 4 67 171 66
311 2 2 2 4 171 190 66
312 2 2 2 4 68 191 67
313 2 2 2 4 67 191 171
314 2 2 2 4 68 201 191
315 2 2 2 4 171 191 179
316 2 2 2 4 179 199 171
317 2 2 2 4 171 199 190
318 2 2 2 4 188 192 172
319 2 2 2 4 172 200 188
320 2 2 2 4 189 200 172
321 2 2 2 4 173 195 186
322 2 2 2 4 186 196 173
323 2 2 2 4 193 198 173
324 2 2 2 4 173 198 195
325 2 2 2 4 174 179 178
326 2 2 2 4 174 180 179
327 2 2 2 4 174 187 180
328 2 2 2 4 175 197 189
329 2 2 2 4 194 197 175
330 2 2 2 4 175 204 194
331 2 2 2 4 176 188 187
332 2 2 2 4 176 192 188
333 2 2 2 4 176 203 192
334 2 2 2 4 190 198 177
335 2 2 2 4 177 198 193
336 2 2 2 4 193 202 177
337 2 2 2 4 179 191 178
338 2 2 2 4 191 201 178
339 2 2 2 4 180 181 179
340 2 2 2 4 181 199 179
341 2 2 2 4 180 182 181
342 2 2 2 4 180 188 182
343 2 2 2 4 187 188 180
344 2 2 2 4 182 183 181
345 2 2 2 4 183 184 181
346 2 2 2 4 184 199 181
347 2 2 2 4 182 185 183
348 2 2 2 4 182 200 185
349 2 2 2 4 188 200 182
350 2 2 2 4 183 195 184
351 2 2 2 4 185 186 183
352 2 2 2 4 186 195 183
353 2 2 2 4 184 198 190
354 2 2 2 4 190 199 184
355 2 2 2 4 195 198 184
356 2 2 2 4 185 197 186
357 2 2 2 4 189 197 185
358 2 2 2 4 185 200 189
359 2 2 2 4 186 197 196
360 2 2 2 4 196 197 194
361 2 2 2 5 2 24 235
362 2 2 2 5 49 2 235
363 2 2 2 5 28 4 237
364 2 2 2 5 4 59 237
365 2 2 2 5 44 6 236
366 2 2 2 5 6 53 236
367 2 2 2 5 8 48 238
368 2 2 2 5 63 8 238
369 2 2 2 5 24 25 209
370 2 2 2 5 24 209 235
371 2 2 2 5 25 26 212
372 2 2 2 5 209 25 212
373 2 2 2 5 26 27 207
374 2 2 2 5 26 207 212
375 2 2 2 5 27 28 227
376 2 2 2 5 207 27 227
377 2 2 2 5 227 28 237
378 2 2 2 5 45 44 210
379 2 2 2 5 210 44 236
380 2 2 2 5 46 45 229
381 2 2 2 5 45 210 229
382 2 2 2 5 47 46 208
383 2 2 2 5 208 46 229
384 2 2 2 5 48 47 230
385 2 2 2 5 47 208 230
386 2 2 2 5 48 230 238
387 2 2 2 5 50 49 225
388 2 2 2 5 225 49 235
389 2 2 2 5 51 50 233
390 2 2 2 5 50 225 233
391 2 2 2 5 52 51 206
392 2 2 2 5 206 51 233
393 2 2 2 5 53 52 226
394 2 2 2 5 52 206 226
395 2 2 2 5 53 226 236
396 2 2 2 5 59 60 211
397 2 2 2 5 59 211 237
398 2 2 2 5 60 61 232
399 2 2 2 5 211 60 232
400 2 2 2 5 61 62 205
401 2 2 2 5 61 205 232
402 2 2 2 5 62 63 234
403 2 2 2 5 205 62 234
404 2 2 2 5 234 63 238
405 2 2 2 5 205 218 222
406 2 2 2 5 218 205 223
407 2 2 2 5 205 222 232
408 2 2 2 5 223 205 234
409 2 2 2 5 219 206 221
410 2 2 2 5 206 219 231
411 2 2 2 5 221 206 233
412 2 2 2 5 226 206 231
413 2 2 2 5 212 207 213
414 2 2 2 5 213 207 214
415 2 2 2 5 214 207 227
416 2 2 2 5 208 220 228
417 2 2 2 5 220 208 229
418 2 2 2 5 223 208 228
419 2 2 2 5 208 223 230
420 2 2 2 5 209 212 224
421 2 2 2 5 209 224 225
422 2 2 2 5 209 225 235
423 2 2 2 5 210 220 229
424 2 2 2 5 220 210 231
425 2 2 2 5 210 226 231
426 2 2 2 5 226 210 236
427 2 2 2 5 214 211 222
428 2 2 2 5 211 214 227
429 2 2 2 5 222 211 232
430 2 2 2 5 211 227 237
431 2 2 2 5 212 213 224
432 2 2 2 5 213 214 215
433 2 2 2 5 213 215 216
434 2 2 2 5 213 216 224
435 2 2 2 5 215 214 222
436 2 2 2 5 216 215 217
437 2 2 2 5 217 215 218
438 2 2 2 5 218 215 222
439 2 2 2 5 216 217 219
440 2 2 2 5 216 219 221
441 2 2 2 5 216 221 224
442 2 2 2 5 217 218 228
443 2 2 2 5 219 217 220
444 2 2 2 5 220 217 228
445 2 2 2 5 218 223 228
446 2 2 2 5 219 220 231
447 2 2 2 5 224 221 225
448 2 2 2 5 225 221 233
449 2 2 2 5 230 223 234
450 2 2 2 5 230 234 238
451 2 2 2 6 1 269 14
452 2 2 2 6 54 269 1
453 2 2 2 6 18 271 3
454 2 2 2 6 3 271 64
455 2 2 2 6 34 270 5
456 2 2 2 6 5 270 58
457 2 2 2 6 7 272 38
458 2 2 2 6 68 272 7
459 2 2 2 6 14 243 15
460 2 2 2 6 14 269 243
461 2 2 2 6 15 246 16
462 2 2 2 6 243 246 15
463 2 2 2 6 16 241 17
464 2 2 2 6 16 246 241
465 2 2 2 6 17 261 18
466 2 2 2 6 241 261 17
467 2 2 2 6 261 271 18
468 2 2 2 6 35 244 34
469 2 2 2 6 244 270 34
470 2 2 2 6 36 263 35
471 2 2 2 6 35 263 244
472 2 2 2 6 37 242 36
473 2 2 2 6 242 263 36
474 2 2 2 6 38 264 37
475 2 2 2 6 37 264 242
476 2 2 2 6 38 272 264
477 2 2 2 6 55 259 54
478 2 2 2 6 259 269 54
479 2 2 2 6 56 267 55
480 2 2 2 6 55 267 259
481 2 2 2 6 57 240 56
482 2 2 2 6 240 267 56
483 2 2 2 6 58 260 57
484 2 2 2 6 57 260 240
485 2 2 2 6 58 270 260
486 2 2 2 6 64 245 65
487 2 2 2 6 64 271 245
488 2 2 2 6 65 266 66
489 2 2 2 6 245 266 65
490 2 2 2 6 66 239 67
491 2 2 2 6 66 266 239
492 2 2 2 6 67 268 68
493 2 2 2 6 239 268 67
494 2 2 2 6 268 272 68
495 2 2 2 6 239 256 252
496 2 2 2 6 252 257 239
497 2 2 2 6 239 266 256
498 2 2 2 6 257 268 239
499 2 2 2 6 253 255 240
500 2 2 2 6 240 265 253
501 2 2 2 6 255 267 240
502 2 2 2 6 260 265 240
503 2 2 2 6 246 247 241
504 2 2 2 6 247 248 241
505 2 2 2 6 248 261 241
506 2 2 2 6 242 262 254
507 2 2 2 6 254 263 242
508 2 2 2 6 257 262 242
509 2 2 2 6 242 264 257
510 2 2 2 6 243 258 246
511 2 2 2 6 243 259 258
512 2 2 2 6 243 269 259
513 2 2 2 6 244 263 254
514 2 2 2 6 254 265 244
515 2 2 2 6 244 265 260
516 2 2 2 6 260 270 244
517 2 2 2 6 248 256 245
518 2 2 2 6 245 261 248
519 2 2 2 6 256 266 245
520 2 2 2 6 245 271 261
521 2 2 2 6 246 258 247
522 2 2 2 6 247 249 248
523 2 2 2 6 247 250 249
524 2 2 2 6 247 258 250
525 2 2 2 6 249 256 248
526 2 2 2 6 250 251 249
527 2 2 2 6 251 252 249
528 2 2 2 6 252 256 249
529 2 2 2 6 250 253 251
530 2 2 2 6 250 255 253
531 2 2 2 6 250 258 255
532 2 2 2 6 251 262 252
533 2 2 2 6 253 254 251
534 2 2 2 6 254 262 251
535 2 2 2 6 252 262 257
536 2 2 2 6 253 265 254
537 2 2 2 6 258 259 255
538 2 2 2 6 259 267 255
539 2 2 2 6 264 268 257
540 2 2 2 6 264 272 268
541 4 2 3 1 290 305 95 318
542 4 2 3 1 118 276 117 286
543 4 2 3 1 250 287 278 289
544 4 2 3 1 250 278 287 297
545 4 2 3 1 250 278 258 289
546 4 2 3 1 219 276 285 292
547 4 2 3 1 249 287 279 296
548 4 2 3 1 249 296 279 330
549 4 2 3 1 267 297 156 299
550 4 2 3 1 249 279 287 289
551 4 2 3 1 255 297 267 299
552 4 2 3 1 276 283 286 325
553 4 2 3 1 276 286 283 294
554 4 2 3 1 249 248 279 289
555 4 2 3 1 207 301 295 333
556 4 2 3 1 283 273 320 325
557 4 2 3 1 231 276 219 292
558 4 2 3 1 283 320 286 325
559 4 2 3 1 220 219 276 285
560 4 2 3 1 220 285 276 334
561 4 2 3 1 231 276 292 302
562 4 2 3 1 283 286 277 294
563 4 2 3 1 117 286 276 294
564 4 2 3 1 280 301 295 328
565 4 2 3 1 113 286 281 293
566 4 2 3 1 277 286 283 320
567 4 2 3 1 253 277 265 297
568 4 2 3 1 232 288 189 301
569 4 2 3 1 155 292 233 305
570 4 2 3 1 286 320 273 325
571 4 2 3 1 277 297 253 336
572 4 2 3 1 131 113 112 293
573 4 2 3 1 281 286 113 307
574 4 2 3 1 250 255 278 297
575 4 2 3 1 95 290 88 305
576 4 2 3 1 253 297 287 336
577 4 2 3 1 232 222 288 301
578 4 2 3 1 217 285 220 334
579 4 2 3 1 273 286 313 320
580 4 2 3 1 220 217 219 285
581 4 2 3 1 156 299 278 324
582 4 2 3 1 76 289 246 299
583 4 2 3 1 286 293 113 331
584 4 2 3 1 265 303 277 307
585 4 2 3 1 275 305 290 318
586 4 2 3 1 246 289 258 299
587 4 2 3 1 231 292 206 302
588 4 2 3 1 273 313 281 320
589 4 2 3 1 130 293 304 331
590 4 2 3 1 281 313 286 320
591 4 2 3 1 96 301 291 328
592 4 2 3 1 207 70 295 301
593 4 2 3 1 115 118 117 286
594 4 2 3 1 156 278 297 324
595 4 2 3 1 70 295 301 328
596 4 2 3 1 259 255 267 299
597 4 2 3 1 281 286 277 320
598 4 2 3 1 241 289 69 300
599 4 2 3 1 156 297 278 299
600 4 2 3 1 113 281 112 293
601 4 2 3 1 129 117 276 294
602 4 2 3 1 273 281 313 314
603 4 2 3 1 250 287 253 297
604 4 2 3 1 273 281 314 320
605 4 2 3 1 164 299 156 324
606 4 2 3 1 278 297 255 299
607 4 2 3 1 249 279 248 330
608 4 2 3 1 111 113 286 307
609 4 2 3 1 258 250 255 278
610 4 2 3 1 118 286 115 331
611 4 2 3 1 129 294 276 302
612 4 2 3 1 162 305 290 317
613 4 2 3 1 254 265 253 277
614 4 2 3 1 288 301 222 333
615 4 2 3 1 248 289 241 300
616 4 2 3 1 70 301 96 328
617 4 2 3 1 265 297 277 303
618 4 2 3 1 292 305 163 317
619 4 2 3 1 214 301 207 333
620 4 2 3 1 221 305 292 327
621 4 2 3 1 232 211 222 301
622 4 2 3 1 82 290 95 318
623 4 2 3 1 275 305 292 317
624 4 2 3 1 220 276 306 334
625 4 2 3 1 120 293 130 331
626 4 2 3 1 155 233 225 305
627 4 2 3 1 130 293 120 304
628 4 2 3 1 140 303 294 326
629 4 2 3 1 258 289 278 299
630 4 2 3 1 118 129 117 276
631 4 2 3 1 256 296 249 330
632 4 2 3 1 291 301 196 308
633 4 2 3 1 172 288 205 304
634 4 2 3 1 206 292 138 302
635 4 2 3 1 187 120 293 304
636 4 2 3 1 252 287 249 296
637 4 2 3 1 231 220 219 276
638 4 2 3 1 86 291 96 301
639 4 2 3 1 138 302 292 315
640 4 2 3 1 88 290 162 305
641 4 2 3 1 247 250 258 289
642 4 2 3 1 105 294 303 332
643 4 2 3 1 140 105 294 303
644 4 2 3 1 274 306 304 331
645 4 2 3 1 198 300 291 323
646 4 2 3 1 130 104 128 331
647 4 2 3 1 220 276 231 302
648 4 2 3 1 259 267 156 299
649 4 2 3 1 249 247 248 289
650 4 2 3 1 280 301 288 333
651 4 2 3 1 289 299 76 312
652 4 2 3 1 248 279 289 300
653 4 2 3 1 187 304 293 319
654 4 2 3 1 295 301 280 333
655 4 2 3 1 223 304 288 334
656 4 2 3 1 189 301 288 308
657 4 2 3 1 96 291 86 328
658 4 2 3 1 153 294 302 315
659 4 2 3 1 258 278 255 299
660 4 2 3 1 153 294 122 302
661 4 2 3 1 196 291 86 301
662 4 2 3 1 242 298 281 336
663 4 2 3 1 214 222 301 333
664 4 2 3 1 277 281 320 336
665 4 2 3 1 163 292 155 305
666 4 2 3 1 304 306 274 334
667 4 2 3 1 112 293 281 298
668 4 2 3 1 253 254 277 336
669 4 2 3 1 69 300 289 316
670 4 2 3 1 205 288 223 304
671 4 2 3 1 76 246 243 299
672 4 2 3 1 290 305 275 317
673 4 2 3 1 82 88 95 290
674 4 2 3 1 197 196 301 308
675 4 2 3 1 247 287 250 289
676 4 2 3 1 94 70 96 328
677 4 2 3 1 195 198 291 323
678 4 2 3 1 254 265 277 307
679 4 2 3 1 172 288 304 319
680 4 2 3 1 292 305 275 327
681 4 2 3 1 207 227 70 301
682 4 2 3 1 94 295 70 328
683 4 2 3 1 219 292 285 327
684 4 2 3 1 162 163 305 317
685 4 2 3 1 173 72 291 300
686 4 2 3 1 281 298 242 307
687 4 2 3 1 276 322 283 325
688 4 2 3 1 291 301 280 328
689 4 2 3 1 228 208 223 334
690 4 2 3 1 240 297 265 303
691 4 2 3 1 104 306 128 331
692 4 2 3 1 249 287 247 289
693 4 2 3 1 103 242 298 307
694 4 2 3 1 198 173 291 300
695 4 2 3 1 228 306 208 334
696 4 2 3 1 122 294 129 302
697 4 2 3 1 231 206 226 302
698 4 2 3 1 241 69 261 300
699 4 2 3 1 290 299 164 324
700 4 2 3 1 207 214 227 301
701 4 2 3 1 151 292 155 317
702 4 2 3 1 260 240 265 303
703 4 2 3 1 139 290 71 299
704 4 2 3 1 174 293 106 298
705 4 2 3 1 209 224 212 305
706 4 2 3 1 274 304 293 331
707 4 2 3 1 153 107 142 302
708 4 2 3 1 242 281 307 336
709 4 2 3 1 111 307 286 332
710 4 2 3 1 76 243 74 299
711 4 2 3 1 291 300 72 316
712 4 2 3 1 111 286 113 332
713 4 2 3 1 273 283 322 325
714 4 2 3 1 208 306 304 334
715 4 2 3 1 106 293 112 298
716 4 2 3 1 206 138 226 302
717 4 2 3 1 246 258 243 299
718 4 2 3 1 96 86 83 328
719 4 2 3 1 91 70 227 301
720 4 2 3 1 174 293 298 321
721 4 2 3 1 260 137 240 303
722 4 2 3 1 86 291 83 328
723 4 2 3 1 109 187 176 304
724 4 2 3 1 276 285 325 334
725 4 2 3 1 208 304 223 334
726 4 2 3 1 252 287 296 336
727 4 2 3 1 137 297 240 303
728 4 2 3 1 71 299 290 312
729 4 2 3 1 286 276 325 331
730 4 2 3 1 224 295 212 305
731 4 2 3 1 288 304 274 334
732 4 2 3 1 218 223 288 334
733 4 2 3 1 112 106 131 293
734 4 2 3 1 189 197 301 308
735 4 2 3 1 196 186 291 308
736 4 2 3 1 116 120 130 331
737 4 2 3 1 69 89 261 300
738 4 2 3 1 250 253 255 297
739 4 2 3 1 164 290 139 299
740 4 2 3 1 163 155 292 317
741 4 2 3 1 294 303 277 326
742 4 2 3 1 117 286 294 332
743 4 2 3 1 221 224 305 327
744 4 2 3 1 95 305 84 318
745 4 2 3 1 129 302 276 306
746 4 2 3 1 113 286 114 332
747 4 2 3 1 138 154 302 315
748 4 2 3 1 219 285 216 327
749 4 2 3 1 173 195 198 291
750 4 2 3 1 277 303 294 332
751 4 2 3 1 122 107 153 302
752 4 2 3 1 163 151 155 317
753 4 2 3 1 116 293 120 331
754 4 2 3 1 256 252 249 296
755 4 2 3 1 129 276 118 306
756 4 2 3 1 205 218 223 288
757 4 2 3 1 248 241 261 300
758 4 2 3 1 256 249 248 330
759 4 2 3 1 150 164 156 324
760 4 2 3 1 109 120 187 304
761 4 2 3 1 71 90 159 299
762 4 2 3 1 156 297 150 324
763 4 2 3 1 131 113 293 331
764 4 2 3 1 196 197 186 308
765 4 2 3 1 159 139 71 299
766 4 2 3 1 143 259 156 299
767 4 2 3 1 92 95 88 305
768 4 2 3 1 276 294 283 315
769 4 2 3 1 140 145 303 326
770 4 2 3 1 276 302 220 306
771 4 2 3 1 254 307 277 336
772 4 2 3 1 188 304 187 319
773 4 2 3 1 92 88 162 305
774 4 2 3 1 140 144 105 303
775 4 2 3 1 297 303 145 326
776 4 2 3 1 257 252 296 336
777 4 2 3 1 153 302 154 315
778 4 2 3 1 277 286 281 307
779 4 2 3 1 248 279 300 330
780 4 2 3 1 291 300 279 323
781 4 2 3 1 85 72 193 300
782 4 2 3 1 215 288 333 334
783 4 2 3 1 292 302 276 315
784 4 2 3 1 79 80 284 312
785 4 2 3 1 166 315 292 317
786 4 2 3 1 141 155 225 305
787 4 2 3 1 144 124 105 303
788 4 2 3 1 111 113 114 332
789 4 2 3 1 173 193 72 300
790 4 2 3 1 242 264 123 298
791 4 2 3 1 158 226 138 302
792 4 2 3 1 306 325 276 331
793 4 2 3 1 260 157 137 303
794 4 2 3 1 281 293 286 313
795 4 2 3 1 75 194 196 301
796 4 2 3 1 161 290 164 324
797 4 2 3 1 162 290 152 317
798 4 2 3 1 246 69 241 289
799 4 2 3 1 196 86 75 301
800 4 2 3 1 166 138 292 315
801 4 2 3 1 283 294 277 326
802 4 2 3 1 84 305 295 318
803 4 2 3 1 87 76 299 312
804 4 2 3 1 106 119 178 298
805 4 2 3 1 191 268 171 298
806 4 2 3 1 174 106 178 298
807 4 2 3 1 295 305 224 327
808 4 2 3 1 79 312 284 316
809 4 2 3 1 145 297 137 303
810 4 2 3 1 162 160 92 305
811 4 2 3 1 171 239 296 298
812 4 2 3 1 219 217 216 285
813 4 2 3 1 234 192 172 304
814 4 2 3 1 208 104 304 306
815 4 2 3 1 221 224 225 305
816 4 2 3 1 166 292 151 317
817 4 2 3 1 276 325 306 334
818 4 2 3 1 234 172 205 304
819 4 2 3 1 171 268 239 298
820 4 2 3 1 69 78 300 316
821 4 2 3 1 280 301 291 308
822 4 2 3 1 244 108 303 307
823 4 2 3 1 278 299 290 324
824 4 2 3 1 129 122 117 294
825 4 2 3 1 247 249 250 287
826 4 2 3 1 98 290 82 318
827 4 2 3 1 162 152 163 317
828 4 2 3 1 276 302 294 315
829 4 2 3 1 98 312 290 318
830 4 2 3 1 215 218 288 334
831 4 2 3 1 140 145 144 303
832 4 2 3 1 293 304 274 319
833 4 2 3 1 153 142 154 302
834 4 2 3 1 174 298 179 321
835 4 2 3 1 285 292 276 322
836 4 2 3 1 288 301 280 308
837 4 2 3 1 287 297 278 320
838 4 2 3 1 87 76 74 299
839 4 2 3 1 278 299 289 312
840 4 2 3 1 259 258 255 299
841 4 2 3 1 71 87 299 312
842 4 2 3 1 123 103 242 298
843 4 2 3 1 215 288 222 333
844 4 2 3 1 159 164 139 299
845 4 2 3 1 274 304 288 319
846 4 2 3 1 277 303 297 326
847 4 2 3 1 79 77 80 312
848 4 2 3 1 250 251 253 287
849 4 2 3 1 198 193 173 300
850 4 2 3 1 188 176 187 304
851 4 2 3 1 105 303 121 332
852 4 2 3 1 108 121 303 307
853 4 2 3 1 123 112 103 298
854 4 2 3 1 189 232 205 288
855 4 2 3 1 161 139 164 290
856 4 2 3 1 252 249 287 336
857 4 2 3 1 231 219 206 292
858 4 2 3 1 165 324 297 326
859 4 2 3 1 281 277 307 336
860 4 2 3 1 95 73 84 305
861 4 2 3 1 297 324 283 326
862 4 2 3 1 253 287 251 336
863 4 2 3 1 215 218 222 288
864 4 2 3 1 79 77 312 316
865 4 2 3 1 210 126 127 302
866 4 2 3 1 297 320 283 324
867 4 2 3 1 211 214 222 301
868 4 2 3 1 174 178 179 298
869 4 2 3 1 279 300 291 316
870 4 2 3 1 289 300 279 316
871 4 2 3 1 248 247 241 289
872 4 2 3 1 295 305 275 318
873 4 2 3 1 246 247 258 289
874 4 2 3 1 285 311 288 333
875 4 2 3 1 246 76 69 289
876 4 2 3 1 286 307 277 332
877 4 2 3 1 103 112 111 307
878 4 2 3 1 279 296 287 314
879 4 2 3 1 210 220 231 302
880 4 2 3 1 125 104 130 304
881 4 2 3 1 285 333 288 334
882 4 2 3 1 69 78 89 300
883 4 2 3 1 129 127 302 306
884 4 2 3 1 210 302 127 306
885 4 2 3 1 164 143 156 299
886 4 2 3 1 91 96 70 301
887 4 2 3 1 283 320 297 326
888 4 2 3 1 277 294 286 332
889 4 2 3 1 199 296 184 323
890 4 2 3 1 287 314 296 336
891 4 2 3 1 129 127 126 302
892 4 2 3 1 172 304 188 319
893 4 2 3 1 184 323 296 330
894 4 2 3 1 130 120 109 304
895 4 2 3 1 78 72 300 316
896 4 2 3 1 114 115 117 286
897 4 2 3 1 86 96 75 301
898 4 2 3 1 286 313 293 331
899 4 2 3 1 206 233 138 292
900 4 2 3 1 165 147 324 326
901 4 2 3 1 166 154 138 315
902 4 2 3 1 284 309 290 318
903 4 2 3 1 262 252 257 336
904 4 2 3 1 229 210 127 306
905 4 2 3 1 221 292 219 327
906 4 2 3 1 182 282 183 308
907 4 2 3 1 171 296 179 298
908 4 2 3 1 122 129 107 302
909 4 2 3 1 216 217 215 285
910 4 2 3 1 199 321 296 323
911 4 2 3 1 184 296 199 330
912 4 2 3 1 141 163 155 305
913 4 2 3 1 194 197 196 301
914 4 2 3 1 90 71 87 299
915 4 2 3 1 157 145 137 303
916 4 2 3 1 155 138 233 292
917 4 2 3 1 181 282 182 321
918 4 2 3 1 105 124 121 303
919 4 2 3 1 290 299 278 312
920 4 2 3 1 162 163 160 305
921 4 2 3 1 280 288 311 333
922 4 2 3 1 239 257 296 298
923 4 2 3 1 114 286 117 332
924 4 2 3 1 179 298 296 321
925 4 2 3 1 282 314 296 323
926 4 2 3 1 300 323 198 330
927 4 2 3 1 303 307 121 332
928 4 2 3 1 138 154 158 302
929 4 2 3 1 71 290 98 312
930 4 2 3 1 78 72 85 300
931 4 2 3 1 172 189 205 288
932 4 2 3 1 108 110 121 307
933 4 2 3 1 282 319 182 321
934 4 2 3 1 172 200 288 319
935 4 2 3 1 292 317 315 322
936 4 2 3 1 246 241 247 289
937 4 2 3 1 252 251 249 336
938 4 2 3 1 290 312 284 318
939 4 2 3 1 290 309 284 312
940 4 2 3 1 296 321 282 323
941 4 2 3 1 221 219 216 327
942 4 2 3 1 251 287 249 336
943 4 2 3 1 189 197 175 301
944 4 2 3 1 275 305 295 327
945 4 2 3 1 234 205 223 304
946 4 2 3 1 212 207 93 295
947 4 2 3 1 315 317 283 322
948 4 2 3 1 106 112 119 298
949 4 2 3 1 174 120 106 293
950 4 2 3 1 281 298 293 321
951 4 2 3 1 216 285 215 333
952 4 2 3 1 189 288 185 308
953 4 2 3 1 239 268 257 298
954 4 2 3 1 147 148 149 283
955 4 2 3 1 183 182 181 282
956 4 2 3 1 145 165 297 326
957 4 2 3 1 97 291 316 328
958 4 2 3 1 150 297 165 324
959 4 2 3 1 97 83 291 328
960 4 2 3 1 296 314 281 336
961 4 2 3 1 200 185 308 319
962 4 2 3 1 171 296 239 330
963 4 2 3 1 220 302 210 306
964 4 2 3 1 187 120 174 293
965 4 2 3 1 172 192 188 304
966 4 2 3 1 200 308 288 319
967 4 2 3 1 199 184 181 323
968 4 2 3 1 150 165 147 324
969 4 2 3 1 97 291 72 316
970 4 2 3 1 288 311 285 334
971 4 2 3 1 171 179 191 298
972 4 2 3 1 283 315 148 317
973 4 2 3 1 147 283 149 324
974 4 2 3 1 296 314 282 321
975 4 2 3 1 183 282 181 323
976 4 2 3 1 199 181 321 323
977 4 2 3 1 97 316 79 328
978 4 2 3 1 149 283 148 317
979 4 2 3 1 145 165 137 297
980 4 2 3 1 200 185 288 308
981 4 2 3 1 279 323 300 330
982 4 2 3 1 69 289 77 316
983 4 2 3 1 114 113 115 286
984 4 2 3 1 182 282 308 319
985 4 2 3 1 80 284 312 318
986 4 2 3 1 97 79 83 328
987 4 2 3 1 242 257 264 298
988 4 2 3 1 215 285 217 334
989 4 2 3 1 80 81 79 284
990 4 2 3 1 180 187 293 319
991 4 2 3 1 208 230 223 304
992 4 2 3 1 88 82 98 290
993 4 2 3 1 86 173 72 291
994 4 2 3 1 115 286 113 331
995 4 2 3 1 171 190 296 330
996 4 2 3 1 77 289 76 312
997 4 2 3 1 289 312 77 316
998 4 2 3 1 131 293 116 331
999 4 2 3 1 197 189 185 308
1000 4 2 3 1 131 116 113 331
1001 4 2 3 1 196 173 86 291
1002 4 2 3 1 148 283 147 326
1003 4 2 3 1 267 240 137 297
1004 4 2 3 1 280 311 285 333
1005 4 2 3 1 81 284 80 318
1006 4 2 3 1 277 307 303 332
1007 4 2 3 1 105 122 140 294
1008 4 2 3 1 79 284 81 328
1009 4 2 3 1 117 294 132 332
1010 4 2 3 1 184 199 190 330
1011 4 2 3 1 182 308 185 319
1012 4 2 3 1 71 139 88 290
1013 4 2 3 1 216 327 285 333
1014 4 2 3 1 240 253 265 297
1015 4 2 3 1 215 333 285 334
1016 4 2 3 1 267 137 156 297
1017 4 2 3 1 153 140 122 294
1018 4 2 3 1 148 315 283 326
1019 4 2 3 1 283 276 315 322
1020 4 2 3 1 88 139 162 290
1021 4 2 3 1 182 319 180 321
1022 4 2 3 1 189 200 185 288
1023 4 2 3 1 200 182 185 319
1024 4 2 3 1 278 320 297 324
1025 4 2 3 1 147 283 324 326
1026 4 2 3 1 132 294 105 332
1027 4 2 3 1 284 310 316 335
1028 4 2 3 1 71 98 87 312
1029 4 2 3 1 296 314 279 323
1030 4 2 3 1 284 312 289 316
1031 4 2 3 1 181 182 180 321
1032 4 2 3 1 79 316 284 328
1033 4 2 3 1 282 183 308 323
1034 4 2 3 1 199 179 296 321
1035 4 2 3 1 94 318 295 328
1036 4 2 3 1 279 316 310 335
1037 4 2 3 1 131 120 116 293
1038 4 2 3 1 171 199 179 296
1039 4 2 3 1 282 321 181 323
1040 4 2 3 1 291 310 284 328
1041 4 2 3 1 185 182 183 308
1042 4 2 3 1 151 166 155 292
1043 4 2 3 1 222 205 232 288
1044 4 2 3 1 69 241 16 246
1045 4 2 3 1 292 322 285 327
1046 4 2 3 1 93 207 70 295
1047 4 2 3 1 278 289 287 335
1048 4 2 3 1 297 320 277 326
1049 4 2 3 1 254 263 244 307
1050 4 2 3 1 83 86 97 291
1051 4 2 3 1 287 289 279 335
1052 4 2 3 1 290 309 275 318
1053 4 2 3 1 284 316 291 328
1054 4 2 3 1 198 323 184 330
1055 4 2 3 1 250 249 251 287
1056 4 2 3 1 295 328 318 329
1057 4 2 3 1 172 200 189 288
1058 4 2 3 1 199 296 190 330
1059 4 2 3 1 180 188 187 319
1060 4 2 3 1 282 311 308 319
1061 4 2 3 1 180 293 174 321
1062 4 2 3 1 229 220 210 306
1063 4 2 3 1 78 69 77 316
1064 4 2 3 1 117 122 132 294
1065 4 2 3 1 97 72 78 316
1066 4 2 3 1 261 241 17 69
1067 4 2 3 1 207 295 213 333
1068 4 2 3 1 129 118 127 306
1069 4 2 3 1 284 310 291 316
1070 4 2 3 1 131 106 120 293
1071 4 2 3 1 25 209 212 93
1072 4 2 3 1 273 283 309 322
1073 4 2 3 1 246 15 76 243
1074 4 2 3 1 153 146 294 315
1075 4 2 3 1 295 280 328 329
1076 4 2 3 1 180 319 293 321
1077 4 2 3 1 93 212 26 207
1078 4 2 3 1 308 311 288 319
1079 4 2 3 1 213 212 224 295
1080 4 2 3 1 172 188 200 319
1081 4 2 3 1 283 317 149 324
1082 4 2 3 1 274 325 306 331
1083 4 2 3 1 283 320 309 324
1084 4 2 3 1 291 308 186 323
1085 4 2 3 1 104 230 125 47
1086 4 2 3 1 87 77 76 312
1087 4 2 3 1 227 70 27 207
1088 4 2 3 1 69 17 261 89
1089 4 2 3 1 205 222 218 288
1090 4 2 3 1 281 296 298 321
1091 4 2 3 1 56 267 240 137
1092 4 2 3 1 243 15 76 74
1093 4 2 3 1 272 133 264 298
1094 4 2 3 1 306 325 274 334
1095 4 2 3 1 206 233 51 138
1096 4 2 3 1 313 314 281 321
1097 4 2 3 1 282 273 310 311
1098 4 2 3 1 156 165 150 297
1099 4 2 3 1 239 257 252 296
1100 4 2 3 1 296 323 279 330
1101 4 2 3 1 183 186 308 323
1102 4 2 3 1 227 27 70 91
1103 4 2 3 1 213 295 224 327
1104 4 2 3 1 280 285 311 329
1105 4 2 3 1 195 291 186 323
1106 4 2 3 1 264 133 123 298
1107 4 2 3 1 284 318 81 328
1108 4 2 3 1 76 77 69 289
1109 4 2 3 1 86 72 97 291
1110 4 2 3 1 273 309 283 320
1111 4 2 3 1 273 311 282 313
1112 4 2 3 1 309 320 278 324
1113 4 2 3 1 110 263 103 307
1114 4 2 3 1 273 313 286 325
1115 4 2 3 1 76 69 16 246
1116 4 2 3 1 273 325 322 329
1117 4 2 3 1 178 119 201 298
1118 4 2 3 1 289 316 279 335
1119 4 2 3 1 140 294 146 326
1120 4 2 3 1 322 325 285 329
1121 4 2 3 1 71 88 98 290
1122 4 2 3 1 273 282 310 314
1123 4 2 3 1 282 314 313 321
1124 4 2 3 1 201 119 133 298
1125 4 2 3 1 156 267 56 137
1126 4 2 3 1 269 74 243 299
1127 4 2 3 1 221 233 206 292
1128 4 2 3 1 94 84 295 318
1129 4 2 3 1 133 272 201 298
1130 4 2 3 1 295 329 327 333
1131 4 2 3 1 293 319 282 321
1132 4 2 3 1 152 290 161 324
1133 4 2 3 1 91 227 237 301
1134 4 2 3 1 155 51 233 138
1135 4 2 3 1 173 21 86 72
1136 4 2 3 1 283 315 294 326
1137 4 2 3 1 239 266 66 171
1138 4 2 3 1 171 191 67 268
1139 4 2 3 1 108 35 110 263
1140 4 2 3 1 273 313 282 314
1141 4 2 3 1 132 122 105 294
1142 4 2 3 1 140 105 31 122
1143 4 2 3 1 139 88 11 71
1144 4 2 3 1 40 109 187 176
1145 4 2 3 1 275 317 292 322
1146 4 2 3 1 284 328 310 329
1147 4 2 3 1 213 207 212 295
1148 4 2 3 1 276 285 322 325
1149 4 2 3 1 30 142 153 107
1150 4 2 3 1 275 285 322 327
1151 4 2 3 1 282 313 311 319
1152 4 2 3 1 281 293 313 321
1153 4 2 3 1 178 42 119 106
1154 4 2 3 1 144 32 105 124
1155 4 2 3 1 275 327 295 329
1156 4 2 3 1 192 62 234 172
1157 4 2 3 1 311 325 273 329
1158 4 2 3 1 128 306 118 331
1159 4 2 3 1 196 21 86 173
1160 4 2 3 1 41 106 174 120
1161 4 2 3 1 275 322 292 327
1162 4 2 3 1 102 74 269 299
1163 4 2 3 1 283 277 320 326
1164 4 2 3 1 275 285 327 329
1165 4 2 3 1 186 195 173 291
1166 4 2 3 1 285 325 311 329
1167 4 2 3 1 284 316 289 335
1168 4 2 3 1 280 310 291 328
1169 4 2 3 1 275 322 285 329
1170 4 2 3 1 206 219 221 292
1171 4 2 3 1 273 310 329 335
1172 4 2 3 1 284 329 310 335
1173 4 2 3 1 190 66 266 171
1174 4 2 3 1 162 88 11 139
1175 4 2 3 1 138 155 166 292
1176 4 2 3 1 67 239 171 268
1177 4 2 3 1 204 194 100 301
1178 4 2 3 1 153 140 31 122
1179 4 2 3 1 100 91 237 301
1180 4 2 3 1 171 190 199 296
1181 4 2 3 1 102 168 159 299
1182 4 2 3 1 172 62 234 205
1183 4 2 3 1 35 108 244 263
1184 4 2 3 1 174 187 41 120
1185 4 2 3 1 261 89 271 300
1186 4 2 3 1 152 317 290 324
1187 4 2 3 1 256 266 239 330
1188 4 2 3 1 288 308 280 311
1189 4 2 3 1 291 310 279 316
1190 4 2 3 1 275 295 318 329
1191 4 2 3 1 90 159 12 71
1192 4 2 3 1 85 72 22 193
1193 4 2 3 1 268 201 272 298
1194 4 2 3 1 278 309 312 335
1195 4 2 3 1 292 315 276 322
1196 4 2 3 1 238 230 134 304
1197 4 2 3 1 151 149 148 317
1198 4 2 3 1 284 312 309 335
1199 4 2 3 1 202 99 193 300
1200 4 2 3 1 256 239 296 330
1201 4 2 3 1 311 313 274 319
1202 4 2 3 1 282 293 313 319
1203 4 2 3 1 308 310 282 323
1204 4 2 3 1 285 329 280 333
1205 4 2 3 1 194 75 100 301
1206 4 2 3 1 132 105 121 332
1207 4 2 3 1 134 230 125 304
1208 4 2 3 1 263 242 103 307
1209 4 2 3 1 187 174 180 293
1210 4 2 3 1 280 310 328 329
1211 4 2 3 1 278 309 290 312
1212 4 2 3 1 279 310 291 323
1213 4 2 3 1 220 306 228 334
1214 4 2 3 1 269 143 168 299
1215 4 2 3 1 90 102 159 299
1216 4 2 3 1 217 220 228 334
1217 4 2 3 1 235 209 101 305
1218 4 2 3 1 248 300 245 330
1219 4 2 3 1 209 25 73 93
1220 4 2 3 1 193 99 85 300
1221 4 2 3 1 285 327 329 333
1222 4 2 3 1 291 310 308 323
1223 4 2 3 1 309 329 284 335
1224 4 2 3 1 179 180 174 321
1225 4 2 3 1 236 136 126 302
1226 4 2 3 1 273 329 309 335
1227 4 2 3 1 271 89 99 300
1228 4 2 3 1 237 204 100 301
1229 4 2 3 1 271 202 177 300
1230 4 2 3 1 204 237 175 301
1231 4 2 3 1 281 314 296 321
1232 4 2 3 1 274 313 293 319
1233 4 2 3 1 278 290 309 324
1234 4 2 3 1 109 187 120 40
1235 4 2 3 1 270 108 135 303
1236 4 2 3 1 284 309 318 329
1237 4 2 3 1 32 105 140 144
1238 4 2 3 1 146 315 148 326
1239 4 2 3 1 122 30 153 107
1240 4 2 3 1 70 93 26 207
1241 4 2 3 1 201 268 191 298
1242 4 2 3 1 109 176 203 304
1243 4 2 3 1 60 211 232 175
1244 4 2 3 1 224 209 225 305
1245 4 2 3 1 273 320 314 335
1246 4 2 3 1 102 269 168 299
1247 4 2 3 1 211 227 214 301
1248 4 2 3 1 289 312 284 335
1249 4 2 3 1 134 109 203 304
1250 4 2 3 1 186 173 196 291
1251 4 2 3 1 259 243 258 299
1252 4 2 3 1 178 42 106 174
1253 4 2 3 1 232 189 60 175
1254 4 2 3 1 214 207 213 333
1255 4 2 3 1 311 325 285 334
1256 4 2 3 1 275 318 309 329
1257 4 2 3 1 295 280 329 333
1258 4 2 3 1 139 12 159 71
1259 4 2 3 1 240 260 57 137
1260 4 2 3 1 314 320 287 335
1261 4 2 3 1 183 195 186 323
1262 4 2 3 1 202 271 99 300
1263 4 2 3 1 82 81 80 318
1264 4 2 3 1 226 206 52 138
1265 4 2 3 1 72 173 22 193
1266 4 2 3 1 169 236 158 302
1267 4 2 3 1 153 154 146 315
1268 4 2 3 1 318 328 284 329
1269 4 2 3 1 158 236 226 302
1270 4 2 3 1 143 269 259 299
1271 4 2 3 1 203 238 134 304
1272 4 2 3 1 111 121 307 332
1273 4 2 3 1 169 107 136 302
1274 4 2 3 1 239 252 256 296
1275 4 2 3 1 142 107 169 302
1276 4 2 3 1 274 311 288 334
1277 4 2 3 1 144 167 124 303
1278 4 2 3 1 139 161 152 290
1279 4 2 3 1 255 240 267 297
1280 4 2 3 1 177 300 198 330
1281 4 2 3 1 92 160 101 305
1282 4 2 3 1 114 117 132 332
1283 4 2 3 1 278 312 289 335
1284 4 2 3 1 308 310 280 311
1285 4 2 3 1 167 157 270 303
1286 4 2 3 1 279 310 314 335
1287 4 2 3 1 157 260 270 303
1288 4 2 3 1 167 135 124 303
1289 4 2 3 1 146 148 147 326
1290 4 2 3 1 282 313 293 321
1291 4 2 3 1 260 57 137 157
1292 4 2 3 1 236 169 136 302
1293 4 2 3 1 255 253 240 297
1294 4 2 3 1 293 313 274 331
1295 4 2 3 1 203 234 238 304
1296 4 2 3 1 208 230 104 47
1297 4 2 3 1 94 81 318 328
1298 4 2 3 1 170 101 160 305
1299 4 2 3 1 52 158 226 138
1300 4 2 3 1 275 309 290 317
1301 4 2 3 1 271 177 245 300
1302 4 2 3 1 279 314 287 335
1303 4 2 3 1 290 317 309 324
1304 4 2 3 1 211 175 237 301
1305 4 2 3 1 274 325 311 334
1306 4 2 3 1 123 119 112 298
1307 4 2 3 1 229 127 104 306
1308 4 2 3 1 128 118 115 331
1309 4 2 3 1 248 261 245 300
1310 4 2 3 1 229 46 104 127
1311 4 2 3 1 162 139 152 290
1312 4 2 3 1 280 308 291 310
1313 4 2 3 1 87 74 90 299
1314 4 2 3 1 75 194 20 196
1315 4 2 3 1 286 325 313 331
1316 4 2 3 1 282 310 308 311
1317 4 2 3 1 110 263 36 103
1318 4 2 3 1 170 141 235 305
1319 4 2 3 1 283 309 317 324
1320 4 2 3 1 183 181 184 323
1321 4 2 3 1 167 270 135 303
1322 4 2 3 1 190 198 184 330
1323 4 2 3 1 150 147 149 324
1324 4 2 3 1 178 191 179 298
1325 4 2 3 1 203 192 234 304
1326 4 2 3 1 313 325 274 331
1327 4 2 3 1 274 288 311 319
1328 4 2 3 1 73 101 209 305
1329 4 2 3 1 154 142 158 302
1330 4 2 3 1 157 144 145 303
1331 4 2 3 1 124 108 121 303
1332 4 2 3 1 70 94 84 295
1333 4 2 3 1 294 315 146 326
1334 4 2 3 1 126 210 236 302
1335 4 2 3 1 145 140 146 326
1336 4 2 3 1 245 300 177 330
1337 4 2 3 1 78 85 89 300
1338 4 2 3 1 108 270 244 303
1339 4 2 3 1 170 235 101 305
1340 4 2 3 1 283 317 309 322
1341 4 2 3 1 225 235 141 305
1342 4 2 3 1 153 146 140 294
1343 4 2 3 1 278 287 320 335
1344 4 2 3 1 192 176 188 304
1345 4 2 3 1 10 160 92 162
1346 4 2 3 1 210 45 127 126
1347 4 2 3 1 309 317 275 322
1348 4 2 3 1 116 115 113 331
1349 4 2 3 1 65 266 245 330
1350 4 2 3 1 253 251 254 336
1351 4 2 3 1 46 104 208 229
1352 4 2 3 1 215 222 214 333
1353 4 2 3 1 86 75 20 196
1354 4 2 3 1 229 104 208 306
1355 4 2 3 1 121 110 111 307
1356 4 2 3 1 65 190 266 330
1357 4 2 3 1 229 210 45 127
1358 4 2 3 1 103 263 36 242
1359 4 2 3 1 272 264 268 298
1360 4 2 3 1 65 245 177 330
1361 4 2 3 1 65 177 190 330
1362 4 2 3 1 79 81 83 328
1363 4 2 3 1 213 327 216 333
1364 4 2 3 1 128 104 118 306
1365 4 2 3 1 137 165 156 297
1366 4 2 3 1 263 254 242 307
1367 4 2 3 1 84 93 70 295
1368 4 2 3 1 273 314 310 335
1369 4 2 3 1 123 133 119 298
1370 4 2 3 1 88 10 92 162
1371 4 2 3 1 94 81 84 318
1372 4 2 3 1 178 201 191 298
1373 4 2 3 1 213 295 327 333
1374 4 2 3 1 213 216 215 333
1375 4 2 3 1 193 198 177 300
1376 4 2 3 1 273 322 309 329
1377 4 2 3 1 164 159 143 299
1378 4 2 3 1 226 210 231 302
1379 4 2 3 1 75 96 91 301
1380 4 2 3 1 227 211 237 301
1381 4 2 3 1 280 311 310 329
1382 4 2 3 1 74 243 14 269
1383 4 2 3 1 218 215 217 334
1384 4 2 3 1 265 244 260 303
1385 4 2 3 1 243 259 269 299
1386 4 2 3 1 129 126 107 302
1387 4 2 3 1 204 175 194 301
1388 4 2 3 1 175 197 194 301
1389 4 2 3 1 185 183 186 308
1390 4 2 3 1 125 130 109 304
1391 4 2 3 1 238 234 230 304
1392 4 2 3 1 101 235 24 209
1393 4 2 3 1 190 177 198 330
1394 4 2 3 1 193 177 202 300
1395 4 2 3 1 168 143 159 299
1396 4 2 3 1 102 90 74 299
1397 4 2 3 1 100 75 91 301
1398 4 2 3 1 95 92 73 305
1399 4 2 3 1 14 74 269 102
1400 4 2 3 1 278 320 309 335
1401 4 2 3 1 248 245 256 330
1402 4 2 3 1 257 268 264 298
1403 4 2 3 1 261 18 271 89
1404 4 2 3 1 126 136 107 302
1405 4 2 3 1 111 114 121 332
1406 4 2 3 1 78 77 79 316
1407 4 2 3 1 271 245 261 300
1408 4 2 3 1 43 201 178 119
1409 4 2 3 1 141 160 163 305
1410 4 2 3 1 201 43 133 119
1411 4 2 3 1 99 89 85 300
1412 4 2 3 1 262 251 252 336
1413 4 2 3 1 134 125 109 304
1414 4 2 3 1 237 28 227 91
1415 4 2 3 1 310 311 273 329
1416 4 2 3 1 225 209 235 305
1417 4 2 3 1 176 192 203 304
1418 4 2 3 1 275 309 322 329
1419 4 2 3 1 95 84 82 318
1420 4 2 3 1 18 99 271 89
1421 4 2 3 1 158 142 169 302
1422 4 2 3 1 218 228 223 334
1423 4 2 3 1 80 77 87 312
1424 4 2 3 1 270 34 135 108
1425 4 2 3 1 124 144 33 167
1426 4 2 3 1 203 176 109 39
1427 4 2 3 1 116 130 128 331
1428 4 2 3 1 39 109 203 134
1429 4 2 3 1 157 167 144 303
1430 4 2 3 1 58 167 157 270
1431 4 2 3 1 58 157 260 270
1432 4 2 3 1 160 141 170 305
1433 4 2 3 1 135 124 33 167
1434 4 2 3 1 91 237 28 100
1435 4 2 3 1 168 159 13 102
1436 4 2 3 1 202 23 193 99
1437 4 2 3 1 135 108 124 303
1438 4 2 3 1 236 169 158 53
1439 4 2 3 1 236 158 226 53
1440 4 2 3 1 223 230 234 304
1441 4 2 3 1 273 309 320 335
1442 4 2 3 1 23 85 193 99
1443 4 2 3 1 96 83 94 328
1444 4 2 3 1 182 188 180 319
1445 4 2 3 1 73 101 24 209
1446 4 2 3 1 186 197 185 308
1447 4 2 3 1 161 164 150 324
1448 4 2 3 1 198 195 184 323
1449 4 2 3 1 160 101 9 92
1450 4 2 3 1 102 159 13 90
1451 4 2 3 1 228 220 208 306
1452 4 2 3 1 274 313 311 325
1453 4 2 3 1 221 216 224 327
1454 4 2 3 1 169 142 29 107
1455 4 2 3 1 311 313 273 325
1456 4 2 3 1 107 29 169 136
1457 4 2 3 1 238 48 134 230
1458 4 2 3 1 264 272 38 133
1459 4 2 3 1 111 110 103 307
1460 4 2 3 1 48 125 134 230
1461 4 2 3 1 226 236 210 302
1462 4 2 3 1 98 80 87 312
1463 4 2 3 1 38 123 264 133
1464 4 2 3 1 9 170 101 160
1465 4 2 3 1 100 204 19 194
1466 4 2 3 1 64 271 202 177
1467 4 2 3 1 19 100 194 75
1468 4 2 3 1 216 213 224 327
1469 4 2 3 1 260 244 270 303
1470 4 2 3 1 270 34 108 244
1471 4 2 3 1 269 54 143 259
1472 4 2 3 1 127 118 104 306
1473 4 2 3 1 64 271 177 245
1474 4 2 3 1 269 54 168 143
1475 4 2 3 1 92 101 73 305
1476 4 2 3 1 208 220 229 306
1477 4 2 3 1 148 154 166 315
1478 4 2 3 1 145 147 165 326
1479 4 2 3 1 59 204 237 175
1480 4 2 3 1 236 44 126 136
1481 4 2 3 1 49 235 141 225
1482 4 2 3 1 148 146 154 315
1483 4 2 3 1 237 211 59 175
1484 4 2 3 1 170 49 235 141
1485 4 2 3 1 163 152 151 317
1486 4 2 3 1 180 179 181 321
1487 4 2 3 1 79 97 78 316
1488 4 2 3 1 68 272 268 201
1489 4 2 3 1 238 234 203 63
1490 4 2 3 1 268 191 68 201
1491 4 2 3 1 14 15 243 74
1492 4 2 3 1 63 234 203 192
1493 4 2 3 1 44 126 210 236
1494 4 2 3 1 182 200 188 319
1495 4 2 3 1 43 178 42 119
1496 4 2 3 1 184 195 183 323
1497 4 2 3 1 152 149 151 317
1498 4 2 3 1 161 150 149 324
1499 4 2 3 1 84 81 82 318
1500 4 2 3 1 266 256 245 330
1501 4 2 3 1 16 17 241 69
1502 4 2 3 1 199 181 179 321
1503 4 2 3 1 76 16 15 246
1504 4 2 3 1 146 147 145 326
1505 4 2 3 1 240 57 56 137
1506 4 2 3 1 52 206 51 138
1507 4 2 3 1 213 215 214 333
1508 4 2 3 1 115 116 128 331
1509 4 2 3 1 33 32 144 124
1510 4 2 3 1 261 17 18 89
1511 4 2 3 1 26 27 70 207
1512 4 2 3 1 73 24 25 209
1513 4 2 3 1 1 269 168 102
1514 4 2 3 1 99 202 3 271
1515 4 2 3 1 5 135 167 270
1516 4 2 3 1 235 2 170 101
1517 4 2 3 1 237 204 4 100
1518 4 2 3 1 236 169 6 136
1519 4 2 3 1 133 272 7 201
1520 4 2 3 1 134 203 8 238
1521 4 2 3 1 22 23 85 193
1522 4 2 3 1 28 27 227 91
1523 4 2 3 1 114 132 121 332
1524 4 2 3 1 83 81 94 328
1525 4 2 3 1 31 30 153 122
1526 4 2 3 1 187 41 120 40
1527 4 2 3 1 108 34 35 244
1528 4 2 3 1 66 239 171 67
1529 4 2 3 1 61 62 172 205
1530 4 2 3 1 22 21 173 72
1531 4 2 3 1 254 251 262 336
1532 4 2 3 1 159 12 13 90
1533 4 2 3 1 217 228 218 334
1534 4 2 3 1 139 11 12 71
1535 4 2 3 1 210 45 126 44
1536 4 2 3 1 42 106 174 41
1537 4 2 3 1 105 31 32 140
1538 4 2 3 1 86 20 21 196
1539 4 2 3 1 176 40 109 39
1540 4 2 3 1 88 11 10 162
1541 4 2 3 1 260 57 157 58
1542 4 2 3 1 212 26 25 93
1543 4 2 3 1 55 143 54 259
1544 4 2 3 1 226 158 52 53
1545 4 2 3 1 160 9 10 92
1546 4 2 3 1 37 123 264 38
1547 4 2 3 1 233 51 155 50
1548 4 2 3 1 156 267 55 56
1549 4 2 3 1 68 67 191 268
1550 4 2 3 1 177 65 64 245
1551 4 2 3 1 30 29 142 107
1552 4 2 3 1 230 48 125 47
1553 4 2 3 1 234 63 62 192
1554 4 2 3 1 61 232 189 60
1555 4 2 3 1 65 190 66 266
1556 4 2 3 1 50 49 141 225
1557 4 2 3 1 194 20 19 75
1558 4 2 3 1 59 211 60 175
1559 4 2 3 1 47 104 208 46
1560 4 2 3 1 39 203 8 134
1561 4 2 3 1 43 133 7 201
1562 4 2 3 1 236 6 169 53
1563 4 2 3 1 202 3 23 99
1564 4 2 3 1 237 4 28 100
1565 4 2 3 1 3 18 99 271
1566 4 2 3 1 168 13 1 102
1567 4 2 3 1 5 167 58 270
1568 4 2 3 1 33 5 135 167
1569 4 2 3 1 1 14 269 102
1570 4 2 3 1 170 2 9 101
1571 4 2 3 1 169 29 6 136
1572 4 2 3 1 204 19 4 100
1573 4 2 3 1 36 37 103 242
1574 4 2 3 1 272 68 7 201
1575 4 2 3 1 48 134 8 238
1576 4 2 3 1 238 203 8 63
1577 4 2 3 1 38 272 7 133
1578 4 2 3 1 35 110 263 36
1579 4 2 3 1 24 2 235 101
1580 4 2 3 1 135 5 34 270
1581 4 2 3 1 6 44 236 136
1582 4 2 3 1 271 202 3 64
1583 4 2 3 1 4 59 204 237
1584 4 2 3 1 1 269 54 168
1585 4 2 3 1 49 2 170 235
1586 4 2 3 1 46 229 45 127
1587 4 2 3 1 305 233 221 292
1588 4 2 3 1 305 221 233 225
1589 4 2 3 1 307 113 112 111
1590 4 2 3 1 307 112 113 281
1591 4 2 3 1 298 307 112 103
1592 4 2 3 1 112 307 298 281
1593 4 2 3 1 257 336 242 262
1594 4 2 3 1 242 336 257 298
1595 4 2 3 1 331 104 304 130
1596 4 2 3 1 331 304 104 306
1597 4 2 3 1 307 265 244 254
1598 4 2 3 1 307 244 265 303
1599 4 2 3 1 298 336 296 281
1600 4 2 3 1 296 336 298 257
1601 4 2 3 1 331 276 118 286
1602 4 2 3 1 331 118 276 306
1603 4 2 3 1 317 166 148 151
1604 4 2 3 1 317 148 166 315
1605 4 2 3 1 318 98 80 82
1606 4 2 3 1 318 80 98 312
1607 4 2 3 1 104 230 304 125
1608 4 2 3 1 104 304 230 208
1609 4 2 3 1 93 295 305 212
1610 4 2 3 1 305 209 93 212
1611 4 2 3 1 93 209 305 73
1612 4 2 3 1 320 336 297 277
1613 4 2 3 1 297 336 320 287
1614 4 2 3 1 189 205 61 172
1615 4 2 3 1 61 205 189 232
1616 4 2 3 1 156 259 55 267
1617 4 2 3 1 55 259 156 143
1618 4 2 3 1 171 266 330 239
1619 4 2 3 1 171 330 266 190
1620 4 2 3 1 232 175 301 189
1621 4 2 3 1 301 175 232 211
1622 4 2 3 1 225 155 50 233
1623 4 2 3 1 225 50 155 141
1624 4 2 3 1 242 123 37 103
1625 4 2 3 1 242 37 123 264
1626 4 2 3 1 336 242 254 307
1627 4 2 3 1 336 254 242 262
1628 4 2 3 1 336 314 320 287
1629 4 2 3 1 336 320 314 281
1630 4 2 3 1 263 108 307 110
1631 4 2 3 1 263 307 108 244
1632 4 2 3 1 323 314 310 282
1633 4 2 3 1 323 310 314 279
1634 4 2 3 1 324 152 149 161
1635 4 2 3 1 324 149 152 317
1636 4 2 3 1 305 93 84 295
1637 4 2 3 1 84 93 305 73
$EndElements
